70917923
70825326
71155076
70792012
70969913
71055182
71181110
71014373
70925489
70884779
71088567
70869988
70851425
71047908
70973849
71185045
71103518
71081322
71014692
71151803
71188836
71096266
71192623
70755405
71007441
71192683
70788937
70744490
70896471
71100344
71103992
71196783
71067031
70852033
70992950
71104050
70978076
71059655
71130154
70755884
71063516
71070960
70748606
70948640
71141351
70756023
71000586
70934040
71119216
71193298
71134127
71049054
70737798
70986124
70952689
70763650
70793302
71019385
71175072
71108522
71152915
71026955
70786290
71060342
71138200
71164266
70756660
71108761
71093856
70975386
71101571
71093954
70886561
70853171
70786692
71086654
71045955
71149708
71064655
71005293
71090415
71131226
71183221
70886789
70960814
70838759
71149820
71038738
70861022
71042503
70861031
71194462
71183423
71001814
70927561
71164985
70820256
71131621
70894617
70883482
70990960
71020546
70779820
70746505
71083958
71080119
71061756
71043157
70865275
71176595
70776801
71199109
71061944
70936184
71169337
70773064
70809859
70754539
71162191
71021257
71058590
71176977
70965851
70973288
71162378
70810118
70932641
70773416
70995702
