70751190
71032770
70780831
70917916
71069821
71173562
70847523
70895687
71117989
71158744
70877165
71010546
70925332
71099468
70914212
70747493
71069830
70936449
70895699
70780839
71132813
71084653
70795664
71195797
70751208
71021671
71058723
70736389
71014256
70962393
70877180
70843824
71147646
70954975
71017961
71062423
70884586
71132825
70773441
71192095
70825308
70943875
70747504
70962400
71125408
70825310
70843831
70936454
71003147
70877195
71017972
71169881
71162481
71069846
71118003
71162484
70754923
70884596
70962410
71066131
70884597
70951284
70740102
70966104
71158766
70992048
70780852
70958699
71173591
71106912
71106913
70958704
70895727
70992056
71032807
70751226
70769760
70988347
70843853
71188404
71029097
70958713
70973518
70917958
70825328
71099514
70847557
71055033
71132836
70984626
71110616
70754945
71140264
70832766
71140265
70740122
70873500
70973525
70851253
70747534
70762340
71158787
71036523
71006889
70962435
71136548
71006891
71140268
71018014
71069879
70988372
70766042
70903148
70895743
71158793
70995759
70851264
71158794
70903152
70777180
70973540
70936476
71021723
70754963
70888327
70803117
71084704
70980959
70747551
70814248
71106945
70884619
71158802
71110633
71195836
70810530
70951327
70780894
70906869
70862385
71195839
71062465
70951333
70754973
70962443
71114329
70866104
71040263
71055064
71169900
70873516
71062473
70854996
70917975
71036550
71188446
70958752
71155094
71129150
71099555
70966151
70821655
70884629
70862393
70903185
70884631
70851286
71158821
70884633
71140293
70962454
70803132
70792013
70936495
71166200
70851294
70795695
70840165
71092097
71088382
70973578
71125446
70843891
70884644
71092102
70806858
70980977
70736455
70980978
70977275
71080976
70884647
70932814
71092104
71173638
71062492
70888338
71099565
70817957
70884652
70936510
70784601
71114359
70806868
71125453
70740174
70884654
70951367
71095827
70836508
70873530
71003210
71129177
71118084
70917996
70962475
70925409
71058786
70832810
70788309
70906910
71129179
71181056
71077321
70873539
71114374
70936520
71032862
71003217
71121768
70973585
71140320
71158837
70962486
71099582
70747574
71106985
71077326
70851314
71055110
71125471
71192177
70914297
70999523
71084729
70984685
70955028
71188486
70899472
70751281
70969883
70906924
70929125
70995832
70814316
70914301
70810553
70836532
71010651
71136593
70906928
71132903
70962500
71069942
70951380
70762409
71069943
70962506
71132910
71188505
70788325
71136603
71125488
71188508
70888363
70736494
71192195
71073630
70877241
70736498
71136610
71140327
71155137
70999544
71018105
70940283
71095859
70814328
71014330
71014331
70769860
71099605
70906950
71144025
70888376
70832850
71158856
70977304
71192207
70947656
70951405
70943988
71088431
70858764
70888379
70906963
70921730
70895829
70806922
71055155
70788352
71095874
70869879
71144042
70855048
71099629
71132936
70825438
70892111
70925447
71062550
70984717
70780975
70940301
71136634
71136636
71166267
71062552
71155146
71014348
70903249
71158885
71195909
71144054
71188528
71110746
70995874
70836580
71107034
70962549
70973625
71184811
71195916
70973626
71158897
70836583
70936585
71110754
71029204
70981042
70862486
70884733
70825460
70880969
70969931
71029210
71006962
70877279
70925467
70932882
70755064
70836592
70895850
70925470
71047755
70781001
71118117
70918055
70851347
71169967
71132977
70792089
71158912
70829149
70773535
71099648
71132979
70914349
71192228
70877294
70992201
70973652
71140368
70918064
71025510
70914353
71069992
70821748
70818025
70736557
70895859
70821750
70981054
71103292
71195944
71169978
70803196
71055205
70873574
71066223
70936610
71103299
70918069
70832896
70877305
71088486
71169988
70999591
71062578
70762454
70903296
70784708
71032951
70966240
71121826
71018174
71125555
70836619
71151490
71195958
71162628
70840273
71166297
70969962
70988505
70751360
70873597
71107072
71188546
70977365
70921768
70751365
70903311
71147825
71006995
70836622
70855099
71107079
71129265
71129266
71173750
71147828
70914387
71188563
70888420
70947731
71188564
71047797
71195974
70907005
70844023
70907006
70914394
71133028
70844024
70903322
71173758
71173760
70736587
70795844
71077441
70866194
70829179
70914399
71181160
71147840
70762478
70825512
70788416
71133039
71155210
71021895
70914404
70925530
71021898
70951491
71125586
71058928
71173765
71125587
71055228
71147844
71195997
70773587
71036691
71066270
70788427
71014419
70736605
71066274
71029258
70743960
70836646
70751398
70866213
70907025
70747690
70977387
70910643
70918121
71184873
70884808
70795863
71014426
70955130
70832930
70825533
71070061
70821808
71158957
70951498
70736610
70825536
71066283
71055246
70751407
70743970
71014430
71140396
71151542
71184882
70940375
70862531
71095953
71095954
71029278
70866227
71018211
70747707
70773612
70799531
70936642
70895917
71099699
71177465
70918144
70877374
71196037
70807008
71103335
71062656
70858859
71021934
71192315
71092211
70895923
70803246
71147884
70951514
71166361
70858871
70858872
71014464
71129300
70907049
70799547
71114526
70932964
71188595
70866242
71151561
71196048
71110857
70840334
71140425
70836689
71184910
70851421
70984809
71107107
70970004
70862554
70977430
70866252
71110863
70862556
70895942
70825574
71107110
70903377
71092226
70888474
71066325
70769997
71110867
70995975
70862560
71129318
70951528
70884850
70855171
71170047
70921839
70988578
70881076
70866259
70858887
71092233
71092234
71058987
71014495
70818119
70940409
71033028
71144165
70981147
70936674
70925579
71159012
71092239
70758894
71103365
71133119
70973760
71151600
71021963
70884859
70947806
70884860
70851439
71092245
71133123
70921854
70758902
70866274
71066340
70895969
71051505
71140447
70821867
70851442
70784808
71055309
71073761
71107133
71159022
71103373
71184944
70829230
71118272
71188633
70784811
71144181
70862582
71184946
70814457
70936690
71184950
70907106
71184954
71133130
70925588
70903408
70973772
70840369
70851460
71162727
70781073
70992305
70858909
70992306
70940429
71170088
70851462
70903415
71021992
71155270
70866298
70773666
70903419
70892283
70996004
70829247
70792191
70940432
70747770
70884890
71059032
70795923
70773672
70803290
70770054
71088641
70881123
71070130
71125670
71125671
70851481
71007130
71196100
70895988
70888501
70921896
71107161
70951593
70881130
71159027
70981169
70925614
71184969
71144220
70762597
71162755
71188671
71110911
71188673
70907135
70992342
71081194
71159035
70873723
70840404
71096048
70888517
71099785
71110921
70777473
70818157
70807101
71103394
70910756
70936739
70936740
71014544
71033100
71196118
70821925
71018310
70888530
71129385
70877456
70951604
71170119
71092282
70844175
70836756
71092283
70936745
70773691
70781103
71022045
70792197
70870063
71147967
71125701
70929337
71088670
70958952
71110938
71159041
71096069
71110941
70988621
71066409
71059071
70855244
71173868
71133187
71125708
70799605
70992361
70840427
71162788
71121995
71084937
70766316
71062735
71162793
70825684
70973803
71096079
70933052
70888548
70925654
71184999
71033120
71051570
71155325
71022059
70925658
70933059
70762628
70918248
70821930
71007184
71096090
71062750
71196150
71110955
70873759
71185012
70907170
71003429
70907171
70862639
70814527
70999754
71014570
70958974
71129403
71073803
70836791
70973820
70936776
71151677
70844214
70855274
70810774
71047967
71144268
70773728
70996047
70770126
70847861
70896055
70799618
70910814
70747816
71036806
71196175
71092320
70740432
71155352
70973830
70984938
70973833
70862649
70784901
71103437
71099830
70936798
71084951
71151692
70770127
70736747
71099833
70836800
70781151
70962727
70799635
71099839
71062753
71099840
70888577
71159085
70992401
71062756
70896077
71077573
71114650
70929374
71173920
70799642
71066440
70962732
70758974
71181317
71181318
71110967
71070203
70751533
70899702
70807135
71177576
71162820
70933106
70810786
71073840
71099845
70844238
71099846
70992419
70984962
71133223
71159097
70973850
71196211
71136876
70803372
70847885
70899709
71084976
71110974
71010862
70984968
70747845
71103472
71107240
71007251
70881225
71148026
71162831
70881226
71088722
70992425
70873802
71196218
71151702
70910855
70736773
71081267
71133238
71103478
71151705
71007261
70829312
71118398
70784941
71136885
70925716
71103486
71129444
70977554
71003473
70870145
71014604
71155381
70755232
71088742
70840494
71081277
70970135
71196237
70770162
71096128
71025693
71062788
70981273
70929401
70973860
71096129
70918327
70910869
71099877
70929405
70829331
70747868
70762692
71192448
70962777
71070229
71003493
70833098
71081289
70973868
71107267
70899748
70851572
70888623
71151730
71170185
70977568
71129463
70929413
71029438
71033168
71111013
71059161
70766386
71125769
71177624
71181354
70999805
71014632
71185051
70947923
71022113
70866401
70844271
71070245
71066498
71099894
71051647
71099895
70892399
71148040
70829348
70933163
71159149
71140631
70896130
71033181
71159151
71173956
70877523
70918348
70885018
70799688
70792282
70970162
70877527
70896135
71129480
71111031
71018379
70796021
71040569
71085027
70877530
71192479
71159154
70947937
70807159
71196269
70981314
70788566
70988739
71107290
71073879
71155425
71070257
70755277
70821993
70992491
70921988
70951714
70866412
71166492
71014656
70807167
70740510
71192487
70910886
70877540
71133275
70988747
70788578
71070268
70866418
71103547
71162870
70829376
70873846
71007287
70910895
71088769
71062842
70910896
71096191
71003533
70918360
71118434
71103557
71196291
70866430
71099928
71125811
70988760
70773823
70873850
71196294
71125815
70807177
71029479
71196296
71196297
70796045
71040600
71099936
70840539
71081314
70899794
70751600
71099941
71092407
71170218
70822005
70955398
71088782
70929474
70759074
70992521
70966465
71092417
70936877
70785019
70840556
70881302
70966467
70773849
71099949
70896188
70814631
71010919
71133296
71122087
70955414
71107335
70936885
71103583
70936887
71181400
70825823
70896197
70907259
70903557
70970218
71036906
70918394
70999867
70807215
71070283
71122104
70773864
70973932
71125841
71144366
71188805
71062871
70933234
71055490
71051719
70885065
71159218
71062876
70970231
71181418
71159221
70899820
71155462
70914619
70966496
71040636
71081353
70929513
70788616
71181425
70962844
70896213
71125858
70914623
71181430
70773882
71003581
70833210
70773884
71111071
71107362
71159236
71181435
71133318
71085090
70925797
70736866
71140700
70877590
71159238
71137010
70899847
71170247
70962851
71181438
71162944
71077722
70773899
71062914
71003597
70970256
71155480
71022177
70970258
70896234
71073942
70840588
71014705
71010940
71070317
70907289
71014709
70951756
70951757
70929544
71140712
71166573
71174014
70896243
71185130
70948017
70777624
71003609
71036951
71059216
71129586
71100003
71188847
71192555
71155496
70918430
71148149
70999905
70755323
71118480
71174017
70962861
70877608
70822072
70973983
71170262
71022193
71085120
70847991
71196361
71092485
71077747
71133342
71062929
71100009
70870237
70885100
70814699
71192565
71144388
71014720
71051750
70970278
70918442
70825867
71085137
71040696
70999921
70770307
71125883
70962879
71133360
70974004
71014732
71159278
71066581
71062947
70792330
71174037
70988835
70996164
70992589
70825878
71170285
70922085
71103640
71174038
70903639
71155530
70892519
71059229
71029570
70833243
71007377
71192578
70962889
71107420
70962890
71096273
71092503
70962892
71066592
70829492
71062956
70896282
71059234
71122157
71125908
71114810
71196372
70885130
71007381
70896283
70851710
70740593
71133367
70944430
71025827
70962896
70962898
71040718
71100059
70966557
70877670
70962903
70881384
70962905
70855473
71125924
70944439
71170305
71159314
70766533
70936989
71073997
70988860
71177762
71162985
70748026
71133384
71125932
70996181
71137049
71003651
71059251
71133388
71122179
71077775
71055578
71100065
71018494
71111136
70885153
70736910
71092526
71088880
70796151
71137057
71155574
71003656
71007414
71100073
71181509
71014783
71159340
71081423
71111149
70966580
71088893
71125952
71133402
71014790
71096294
71196406
71062987
70944464
70911030
71103678
70837021
70977719
71018517
71066630
71122196
70903672
71066632
70885170
70899899
71151858
71122199
71014799
70903674
70781319
71107452
71166637
71155592
71163019
71040747
70881416
70925860
71151864
70959172
70770362
70922128
70851721
71111174
71063002
70859179
71096303
70766559
70785142
70937036
70929615
71063007
70988902
71166644
70810970
71192634
71174100
71022296
71040759
71011029
71111185
71174106
70940677
70988906
71185207
70777708
70788714
70903690
71129664
70792392
70922147
71118549
70755417
71014807
71003681
71137103
71188957
70881440
71185216
70892549
71003685
71118550
71033334
71185223
71037062
70748072
71166668
71114867
70888824
71018545
71063028
70940690
70955545
70896328
70959194
70807314
70896330
70925888
71100107
70851739
71022316
71100108
71177793
71051795
71177794
70896333
70814785
71051800
70803587
71077841
70922167
70937052
71007468
70744313
71063037
70896340
71103702
70951843
70877721
70899951
71003708
70925904
71137130
71155636
70807334
70799844
70944480
71181543
71018556
70807337
71044408
71181545
71018558
71000019
70903711
71181548
70888839
70940713
70877731
71063044
70822160
70996228
71170358
71159401
70925912
70988945
70911068
71107498
71174145
71170361
70896353
71014851
71129701
70896354
71100126
70759243
71100127
71148217
71070422
70818429
71122272
71063060
70844429
70870375
70955577
70914752
70996239
70833310
70881485
71014859
70992705
70851763
70918535
70922196
70748086
71022325
70792437
71051826
70792439
70899959
70907389
71055668
71114920
71140857
71037113
70970394
70862901
70840727
71070449
70770439
70766648
70825995
71155688
70862916
71163088
70922217
71011068
71037127
71126031
71096350
70748120
71037132
70970407
71137179
71107524
70951889
71196524
71185282
71096357
70792447
70851799
70826014
71107525
70862932
71096360
71077858
70907426
70811039
71063102
71129761
70859261
71144509
70862943
70837124
70996267
71151958
71148279
70907433
70899987
70792452
71166703
71151961
70918563
70903773
70996272
70851808
70811047
70859268
71114945
70737029
70785226
71059355
70981543
70862954
71196533
70851812
70985290
70814856
70996276
71177861
70799900
70877783
70907438
70940794
70811056
71089006
71151962
71137206
71081524
70907442
71148293
71163109
71055694
71196541
70874036
70918577
71189037
71151968
70925968
70818469
70929705
70911136
71074127
70996286
71170440
70844479
70918578
71066770
71137218
70877797
71025969
70948211
70981557
71126061
70981561
71029729
71014893
70770458
71107567
70944533
70885306
70803639
71029737
71118623
70781463
71037187
70944538
71151981
70907460
71181615
71192696
71081543
70959306
71148308
71055710
71107572
71126068
70766699
71144535
70766700
71107579
71022378
71096396
70770475
71055717
70911139
71126073
70896407
70737065
70985323
70940835
70803658
70837168
70837170
71040836
70966692
71070509
71133480
71137251
71014915
71003821
71014916
70896413
71022390
70792508
70796272
71007543
70866608
71000103
70814904
70796276
70888935
71100228
71192713
71159507
70959338
71037196
70940851
71022401
71070525
71014925
71096416
70940853
71122372
70870481
70826061
71100233
71029768
70940855
71126093
71152012
71037202
70955656
71177911
70788865
70755561
70803682
70844530
70940862
71037209
70755566
70818522
71129798
71074160
70963057
70903817
71055743
71074161
70985348
70914845
70877849
71074163
71077913
70992797
70748199
71122394
71066812
71092695
70881592
70848205
70963062
71196587
70885339
70755578
71092701
71126106
71092702
70877859
70829685
71003863
70859342
71133508
70755586
71159543
70907492
71029780
70848219
70877863
71000131
71137296
70792541
71074178
71148332
71129819
71148334
71070550
71100274
71192741
71070553
71014962
70951990
70989037
71007584
71126111
70951993
70907498
71111297
70748212
71003880
70781521
70803705
71011163
70866659
71003882
70974216
70740750
70837234
70877884
71144593
71137310
71111299
71159554
70974224
71137314
71003892
71126119
70762965
71170492
71033474
71159557
70937191
70907514
71196604
70866674
70740767
70866675
70896467
71122421
70892696
71048348
70851867
71196611
71096465
71133531
70977865
70822354
70777834
70755612
70974248
70981651
70940917
70974249
71100297
71059424
70992824
71152078
71129858
71070586
71192776
71189106
71048369
71192782
70952019
71170509
71155822
71059437
71126144
71096479
71115036
70885376
71100311
71096481
70907534
70937213
70755632
70929801
70944624
70877920
70974267
70744483
71063193
71066846
71103833
70952029
71177994
70740798
70911231
71103837
71170519
70952033
71096491
71126151
71100322
70918626
71003936
70977888
70807489
71166796
70933573
70926067
71081609
71103845
71003940
70963137
71007639
70740814
70952044
71196643
70796322
70952047
71074207
71170528
71063211
71074209
70989070
70892731
71085371
70837276
70996391
70870519
71181734
71166810
71181735
71063220
70992836
71181739
70966773
71077964
71011219
71037270
70892736
71126168
71141007
71144651
70911258
70889029
70914933
70777869
70859406
70788967
70777870
70955721
71011226
71070605
70814992
71096518
71063234
71044606
71107685
71133579
70859413
70918650
71063240
70900093
70896495
70788973
70914950
70844583
70918658
70966795
71144670
70748273
70896506
70985437
71037295
71100360
70755666
71077980
70929834
70763023
70748281
71159610
70759383
71103887
71159611
70944669
71166833
71052019
70803764
70929843
71126192
70989086
71152123
71170568
71015080
70963170
71148442
70800068
70755686
70981715
71074256
71166848
71155888
70970576
70840871
71029884
70766804
71129922
71155893
70896541
70755690
70759396
70907601
71137382
71004005
71074261
71063271
71066915
70800083
70911303
71137391
71185451
70989109
70826177
71107694
70837334
70777908
71137397
70800087
71092853
70911312
70907621
71163240
70766826
71126218
71192864
71063279
71004025
71107698
70937282
71144693
71122463
71196726
70815040
70877992
70796385
70996437
70755704
71170588
71141054
71166869
70755709
71163249
70851953
71103927
70952108
71133640
71159637
71070676
70926122
70788992
70989128
71004043
70940996
71152157
71063293
70963194
70944704
70755714
70848326
71085433
70885464
70818650
70763072
71100397
70840916
70941000
71144710
70744563
70863136
71029913
71015114
71166886
70977973
71152166
71196746
71007756
70866774
71011301
71066954
71000247
71011302
70788999
71174378
71118810
70992896
71126247
70766866
70981752
71092881
71118811
71100406
70881739
70926143
71103952
70748330
71103953
71096586
71055891
70815079
71066968
71126261
70981762
71070703
71081705
70907633
70907634
71037368
71004061
70907636
71015135
70989161
70992903
71152181
71048486
71178109
71129985
71004065
70737216
71063308
70866791
71152182
71041009
70941023
70866795
70792685
70989166
71170632
70889084
71152187
70748355
70800116
71152189
70822535
70926157
70907652
71170639
70866803
71089182
71037382
71181838
70959510
70774341
71129998
70881778
71100414
71181842
71137460
70815100
70966853
70792703
71189231
71100417
71029943
71078087
71196771
70907667
71052106
71133671
70892841
71155979
70774352
70933702
71185537
70974402
70896603
70829791
71081732
70889102
71118855
71029953
71181852
70941058
70889105
71152204
71004087
71196776
70974410
70755763
71189243
71092909
70826241
70903971
70918776
70763123
71170654
71004091
71152212
71018823
70811315
70777983
70948432
70826250
71092916
71015171
71118873
71096610
70859509
71170664
70955829
71196790
71078113
70955830
70970651
70970652
70803871
70933715
70989202
70911353
70848403
71196795
71174415
70952173
71067021
71126283
71011330
71178156
71196799
71074345
70959519
70918799
71118886
71059573
71022590
71070764
71100459
70881789
71085517
70874333
70789079
71063359
71137479
71122548
70929920
70855794
71118893
71044740
70985560
70929923
71185575
70955846
70818700
70941099
71192915
70755798
70874345
71185578
70966882
71100477
70748408
70737283
71100481
70748410
70837437
71189275
70800181
71004123
71037425
70815138
71152247
70807646
70933745
71181867
70859558
71089248
71063373
70789108
70952190
70985587
71185592
70844739
71078147
71170678
70840968
70985589
70981839
70889148
70992963
70944804
71044765
71096646
70885561
71011362
70889152
71078152
71181880
70774405
71007839
71111478
70904033
71096653
70915129
70855814
70992974
71170692
70922468
71170696
70778009
70904040
71159711
71074399
71081797
71070809
70966909
71074404
70970710
70989265
70837471
70963266
71070813
71118928
71081803
71163381
70837476
71004146
71096671
70778022
71070820
70937401
71159718
71096676
71192938
71144818
70907742
70918874
70796490
70774434
71022628
71055970
71041094
71137540
71115268
70889176
71018879
70918878
70748460
71115269
70963279
70941153
70789140
71174440
70989284
71063404
71152272
71030035
71148592
70844781
71007848
70952198
70952200
70889191
71192960
70878060
70970729
71085584
70881844
71189322
71044781
70937412
70855842
70900262
71063417
70855844
71170727
70859583
70881849
71137549
71100525
71133769
71144841
70874380
71122610
70915164
71096698
71118957
70844802
71085588
71030058
71163403
71181916
71170735
71074435
70811395
71022663
70918885
71074437
71130101
71170736
71163406
70852074
70892948
70811403
70803922
71078214
71181924
70737356
71148600
70922525
71137567
71122624
70966954
71030063
71081842
70755866
70874395
70918895
70774479
70918896
71167006
70770756
71167008
70918900
70781745
71156065
71126347
71122632
70992994
71170758
71185634
71007869
71100530
70807703
71181941
71004189
71096728
71181943
71030072
71033680
70826330
71078225
70752096
71133794
71174489
71022680
71022682
71159763
71156081
70944867
70818804
71033685
71092978
70966970
70837515
71130113
71004203
71104102
70822645
70963304
70907802
71063441
71133807
71030088
70785582
71085600
70896708
70855878
70796527
70952240
70789189
71130125
70855881
70941212
70911445
70837532
70963318
71126354
70963320
70866935
71089330
70970783
70896714
70907822
71033692
71122658
71174508
70911451
70904090
71100555
70989321
71078258
70781775
70974550
70744689
70748498
71000377
71181969
70952251
71141226
70981944
71000383
71081885
71130140
70896716
71122670
71141237
70963338
70741037
70785609
71052255
71081896
70955928
71078272
70889254
70759629
70748510
71030112
70796560
70918947
71174527
70922569
70878131
70892999
70974561
70900295
70878133
70959632
70952273
71196892
71152345
71148647
70855912
70952277
70829880
70811448
70955937
71196895
70926241
71185675
70748519
70937496
71167040
70844844
70837566
70855915
70815274
71115333
71070887
70881925
71119015
70907860
70767005
70833703
70829897
70859670
70918961
71000422
71126376
71193003
70815288
70911492
71100596
71093008
70829904
71000427
71122699
71100603
71100605
71004248
70815291
70889287
70785647
70963379
71070907
70963380
71111586
70915215
71100608
70900331
70896748
70952304
71182012
71067170
71067171
71148667
71148668
71070913
71115353
70855937
70763285
70867019
70881950
71089392
71070918
70859689
70900339
71048673
71178306
70878176
71059704
71015325
70774553
71159851
70963393
71070921
70941252
71089408
71015331
70833725
70918994
70789255
70930041
70833726
70974607
71189403
70967033
71144902
71070929
71033730
70863331
70919002
70919003
71185708
71022766
71189414
71122730
70829928
70944920
71189416
70748550
70867035
71048685
71104147
71096813
70944927
71133863
70848524
70789277
71107966
70778165
71111615
71126389
71107969
71189421
71182044
71093030
71126392
70844905
71126395
71167072
70826426
70741096
71178334
70852160
70896777
70852161
70952326
71189433
70752227
71152393
70893049
71070964
70774581
70870824
70952330
71030144
71059735
71159887
70870825
71015365
71015366
70848542
70881980
71126414
71078315
71096826
70907889
71096827
71141277
71078317
71044929
71004287
71000451
70844930
70789304
71163513
71163514
71196935
70874502
70789310
70952341
71007991
70993095
70752242
70841061
70867059
71148704
71037575
70815341
70770849
70911533
71167099
70989416
71148709
71089456
70870846
71100684
70937590
71167105
70881989
70781909
70785702
71052328
71059756
70848562
71178356
70911541
71096852
70800302
71030163
71081974
71041202
71163529
71089459
70855982
71130231
71048726
71030169
71052340
70837651
70911553
71044950
71008017
71089467
70930107
71037576
71056127
71048731
70785717
71004310
71126450
70900406
71081991
71163543
71000495
71071009
70800315
71182072
70878229
70911562
71044955
71071013
71189456
71089471
71093070
70785722
70970890
70878230
70915280
70855995
70878233
70915283
70785725
70919052
71085724
71100705
70882008
71078347
70889364
71163554
70837668
70930124
71030186
70937603
70837672
71044968
71026441
71156236
71182089
70800329
70867086
71193110
70896819
71156238
71030196
70741133
70911575
71011557
71167136
71193118
71144964
71011560
70911580
71133915
71182104
71197006
70978238
70911581
71148749
71033803
70778222
71085740
71048765
70852215
70818944
71100726
70778226
71048769
71193124
70956048
70993134
71148755
70911591
70952371
70837694
70841123
71197017
70778235
70959752
70793006
71119100
70856026
71004333
70833787
70956060
70974677
71071064
70818956
71189493
70741158
71004335
70852240
70763373
70822755
70870890
70845025
70989445
70907948
71074596
70974683
70822759
70959756
71037628
71174672
71104219
71137727
70874591
70948651
70919081
70878272
71067232
70748628
71089513
70982044
71144988
71037634
71015439
70889409
70993147
71026476
70889412
70878283
70993149
70852254
71167178
70748633
70744853
71156274
71115450
71078372
71170883
71037649
70867116
70896867
70770912
70933936
70796670
70882041
71111718
71156277
71093124
71130256
71063595
70826548
70829987
70893124
70800360
71071089
70848627
70845059
70756011
70748649
70785772
71185805
70933950
70952410
70856057
70937652
71130263
71093130
71152435
70956085
71104249
70756013
71152437
70770923
70867123
71015466
71152441
71197063
70926372
70807855
70859847
70856067
71148795
71041280
71100744
71037660
71170896
70963468
71115471
71096926
70818993
71178427
70907987
71152452
71108093
70763412
71111742
70896900
71193178
70967116
70907990
71041288
70930213
71089559
71119114
70744902
71133994
71148806
71100746
70756032
71056227
70882068
71011633
71156299
70907996
70756040
71134007
70859869
71119124
70956111
71041300
71115478
71167222
70878321
70996768
70804132
71093172
71082103
71056237
70763430
71011650
71037672
71197102
70974739
70919140
71030261
71137774
71093179
70982105
70930234
70774712
71126559
71082108
70859878
70874641
71033846
71152481
71189562
71022898
70993209
71082112
71089580
70930241
70971024
71104295
71063642
70882073
70952455
71082117
71000562
70885788
70744935
70845120
71170921
70941356
71071133
71174765
70815424
71074670
71167243
71096976
70848706
70878346
71163618
70815429
70845129
71030289
70800422
70815432
70989525
71182185
70804161
71000580
71137802
71185840
71041334
70945108
70926412
70830016
71071142
71137806
70982134
71163623
71045050
70859905
71022911
70908046
71182191
71078455
70837792
70807895
70785835
71152517
70867184
70856111
70878360
70911672
71122887
70867187
70963521
70963522
70908052
70863521
71019122
70882107
71148843
70830026
71126592
71093224
70830030
71078456
71067337
71100782
71063658
71015519
70922762
71189596
71111780
71145034
71122890
70915430
70993218
71137817
71152528
70800439
70893216
70945131
70963535
70974781
71089633
71119179
70919159
71030324
70952502
70926440
71022918
71126605
71185872
70996815
71048891
71182220
71004415
71008132
71197148
70822821
70893226
70941403
71115518
70796769
71185877
71115526
70870982
71111811
70826644
70882134
71167276
71085867
71071156
70996827
70867230
70896975
70996828
71130372
71170960
71071159
71119195
71022938
70982164
71148857
70941415
71182237
71100816
71148859
71089651
71097003
71041356
71015555
71015556
70837840
71097008
71071172
71170972
70937772
70900524
71145071
70896991
70874705
70885862
71145075
70789463
70759883
70911714
70871005
70830069
70896999
71163676
70800468
71082191
71122944
70915476
71119206
70804214
70748721
71160135
70915478
70830077
70819098
70937780
71178537
71085888
71126667
71015588
71008156
70919209
71071191
70889560
70926488
70830081
71152579
71171000
70885882
70878382
71063727
70945177
70871020
70978408
70908102
71030356
71093266
70771037
71093267
70959874
70800488
71004462
71093270
71045128
70859933
71126674
70867276
71171015
70837858
70815499
70882158
70952570
71197176
71071205
70848754
71163698
71182287
70759909
71004474
71163702
70989599
70989600
71004477
71030368
70841306
70878404
71048947
70952580
71119233
70963587
71115570
71156389
71160147
70971089
70945205
70848762
71197188
70941464
70948819
71022971
71093278
70978441
70856169
70748743
71126702
70926513
71119244
71126703
71189665
71126704
71104413
71167325
70763523
71130439
71189668
70822886
71008192
70926520
71048965
70807983
71022981
71185951
71182316
70897029
70807984
71197198
71160162
71182317
71045164
70804259
70748755
70778342
70941477
70837880
71004499
70986004
71037741
70859954
70811736
71182327
71074776
70945224
70759943
70978457
71115591
70822904
70982249
70900557
70774840
71019231
70945231
71163740
70971113
70863595
70922876
70841323
71093309
70945235
71004511
70945238
70915507
70897054
71085928
70804277
71145151
70908145
71041440
71082258
70893290
71167356
70996875
70867336
70804286
70982269
71022990
70922893
71111893
71115609
70859976
71111896
71022993
70782132
71008205
70893299
71197216
70752518
71197217
70845233
71067387
71085940
70930338
71104432
71115623
71174903
70930339
70989645
70752524
70941519
70785953
71126725
70837912
71141507
70897091
70937835
70908177
71193318
71137921
71063803
71082284
71148955
70926577
70748799
70993316
71167387
70996902
70808025
70959963
70959965
70993322
70845249
70963631
70982282
70885989
71171075
70882257
70833942
70759978
70860011
70878485
71182375
71085974
71104460
71163791
70922907
70996917
71089768
70956249
71030435
70871068
71130484
71126746
70737762
70956253
71004553
71126748
71037786
70889634
71152633
70785992
70737770
71123055
71071295
70911824
70915556
70956263
71123056
71026669
71156479
71067432
70959982
71093356
71019268
70956268
70863635
71049052
71123063
71126753
70745093
71152647
71100940
70860028
70922926
71137950
70871083
71152652
70978510
71004562
71171087
71197258
71197259
71089785
70941569
70804353
70934215
71182399
71182400
71152660
71034057
71023027
71019278
71182403
70922937
71049065
70815610
71182406
70959994
71163815
71186022
71093370
70930380
71078566
71071316
71178649
70822965
71030476
70815617
70771132
70971190
70860044
70922948
71156502
71030480
70737794
70967311
70882303
70874847
70748831
70971196
71078574
71134181
71186032
71056453
70882306
70874854
70789627
71004585
70941597
70941598
71004586
71008273
70900642
71023047
70904464
71063839
70941601
71074865
70741398
70830228
71074866
70860060
71115673
71130520
70800554
70919331
70848854
70937896
71186034
70963689
70804381
70897155
71056460
70919332
70778441
70837974
70908227
70763624
70778442
70919337
70815640
70941614
71167430
71082329
71130525
71078590
70967331
70856266
71086044
70867437
71111965
70945340
71171112
71086050
70771147
71182432
70874880
70878557
70941619
70886039
70878560
70897177
70808083
71060102
70922994
71060103
70908246
71093402
71086055
71182442
70815658
71045251
70867444
70826802
71197311
71130542
70863679
70845322
71078608
70952677
70919363
71019323
71119320
70874893
71063882
71126810
71163836
70863688
70967347
70941633
70760045
70856294
70856295
70956306
71037863
71156544
71071345
71197326
70845335
70756252
70889694
71174975
71134214
71193411
71078619
71174978
70908280
71141618
71071349
71074897
71093421
71152708
71108334
70815672
71078623
71141623
70793253
71130554
70982344
71019336
71086081
71030529
71115711
71011918
70948948
71182452
70767388
71115715
71045285
70919393
71186089
70960074
70874922
71093431
71152722
71101004
71104502
71189819
70741443
70748889
71023114
70900713
70845368
71093439
71089847
70800606
70848933
70952726
70867468
70963749
71030542
71023122
71101024
70934330
70986182
70923056
71004639
71156569
71071383
71004642
71086109
70963758
70982373
70941663
70915666
71149075
70856318
71182480
70941665
71171146
71078633
71115739
71074926
70834080
71104527
71171155
70919418
71178739
71130600
71086115
71126851
70889741
71115749
70808127
70948978
71130606
71071399
70871206
71182501
71175037
70793294
70889745
71141669
70996993
71004665
71130617
71052673
71004668
70937966
71074953
71026779
71056542
70937970
70804463
71082391
70919446
70878629
71182517
71078653
70848953
71086133
70934366
71074964
71078658
70882393
71067551
71037916
70815706
70778514
70960109
71163887
71160354
70737888
71193479
70930462
71041635
71193481
70930465
70982391
70878646
71063938
71074977
70915688
71182531
71138035
70893486
71189868
70952750
71093474
70993410
70871219
71182534
70893488
70756317
70778518
71152768
71060167
71011977
70945424
70756319
71152770
71134293
70941696
70989800
70945426
71041649
71193499
71063953
71093488
71034174
70893498
71093490
71089900
71189885
70941699
70804487
70960126
71119384
70823056
70963787
71086152
70889784
70934392
70811914
71082441
70737893
71163917
70889789
71093500
70845413
71008364
71119394
70782312
71156642
70956396
71112099
71171207
71086161
70863770
71186158
71093506
70941707
70789772
70860167
71082447
70882421
71000909
71082449
70800628
71156647
71000912
70867540
70800631
70919486
70793347
71101101
70771251
70856369
70767476
71078711
70793354
71030594
71078716
70741522
71193529
71078717
70771261
70834130
71097243
71152782
70845429
70882435
71186175
71011984
71045357
71075026
70978580
71067597
71115788
71063972
70900784
71152788
71134327
70737901
71160388
70856381
70800643
70971346
70952798
71089931
71182561
71152796
70878673
70860195
71186183
70893548
71075035
70882447
71086189
70897289
70897290
71023185
70860201
70845438
71093525
71189926
71119421
70952807
70834144
71097260
70908387
71078730
71112111
71075043
70967436
71023193
71011993
71197386
70819368
70763739
70882462
71178792
70797060
71119427
71101114
71075050
71082464
71078738
70978607
71178800
71149146
70841569
70960168
70856396
70878688
71197402
71178805
71189951
70878691
71004728
71008420
70989853
70967452
70956442
71156690
71171253
71064006
70963843
71030626
70952831
70863809
71119443
70956446
71045375
71119444
71163981
70786164
71182567
71178810
70993465
71086220
71152830
70982463
71119450
70912003
71101124
70786172
71045380
71182571
70771308
71149159
70819375
70915754
71045382
71126949
71038009
70800665
70745239
70971384
71145331
70886183
70748967
71126955
71126956
70886185
70830423
71182577
71186222
71197411
71197413
71093556
70882496
70737919
71126964
70941734
70763772
70741556
71064031
71093562
70826915
71012035
71086248
71189988
70760207
70926806
71149178
70800683
70908423
71108508
71012040
71182592
70793397
71149182
71030661
70989887
70915781
71112169
70767525
70882509
70978627
70971413
70941744
71101152
70748990
71112172
70930525
70812015
71178857
71045413
71149193
70804564
71182605
71164019
71164021
71089986
71186239
70878758
71034235
70963876
70978642
71141782
71164027
71045425
70841614
70889852
70737948
70993510
71052806
71060261
71004762
71067672
70993513
71041755
71134411
71008459
71000969
71149211
71167590
70978653
71190017
70923215
71030687
70808194
70930528
71175149
71041766
71023235
71164044
71141801
70960219
71086257
71056676
70897358
70945514
71108530
70978662
70930534
71041773
70945518
71164050
70749005
71023241
70793433
70771342
70993529
71097285
71093582
71119502
70775123
71164055
70845532
70760230
70993534
71093587
71141809
71119505
71015939
71090026
71152888
71156772
70841645
71175163
71008489
71052827
70897372
71152898
70900874
71023257
70893621
71134426
71149240
70830459
70997108
70826962
70882563
70756450
71067710
70930560
71193618
70982517
70771361
70941793
70993555
70904690
70852739
71004796
70915805
70867613
70863890
71112207
70975119
70952933
70782436
71130695
70863895
70830476
71041815
71171338
70823158
70838199
70771377
70749028
70800743
71186273
70912063
71052843
71197474
70745303
71193636
70938132
71186275
70845563
71115862
71019482
70760259
71123254
70997129
71075130
71038056
70982535
71156796
70749038
70982538
70793464
70863908
70808240
71138152
70941808
70860290
70908448
70908449
71193651
71038067
71038068
71138155
70956531
71193656
70900884
71127011
71000998
71119545
71004815
70808246
70752790
71004817
71164079
70867639
71075145
71119550
71193667
70915835
71123272
70738003
70767579
71075149
71141843
70993583
71164089
71004827
71115884
71004829
70960274
70889919
71008535
71167649
70975137
71149273
70893667
71190067
70882600
70960280
71112238
70860308
71038091
70915853
70849155
71182663
71197485
70956556
70849158
70786299
70838203
70912090
71030767
70982560
70838204
71101247
71175177
70960292
70763864
71149283
70815905
71112244
70834261
71134461
70775175
71182667
71141857
70993608
70886251
71178945
70860319
70941822
71012132
70989965
71078832
71182674
70941827
71078833
70852785
70897421
70993617
71008561
70993620
71138180
71182680
71197502
70752828
70960308
70808280
70875175
71182685
71182686
70986383
70830510
70908474
70812129
70889929
70963957
71001018
70830522
71178972
70889937
70952997
71041852
70926884
70778690
70860337
70938179
70982591
70871426
71152982
71023339
71178983
71182707
71086300
70775187
71167661
71130740
70778701
71090075
70849203
70915896
70845617
70823230
71171396
71097339
71182715
70945619
70963963
70756543
70838246
71086318
70849215
71175237
70793538
71138220
70823243
70930644
70738094
71023351
71175242
71134531
70993639
70990018
71123327
70812172
71141921
70738101
71193740
71004867
71049274
71086335
71030797
71097368
71101291
71078885
70808324
71045544
71175257
70849231
71108652
70860386
70934628
70986399
70867723
70882656
70904786
71141933
71045555
70993653
70949171
71179031
70934636
71064213
70930659
70960349
71179034
71175269
71130755
70793564
71182738
70745380
71182739
70741699
71075223
70889995
70889997
70904797
71093704
70967551
71064221
71001067
71034379
71008621
71193753
71004885
71123347
71045564
71093706
71112298
70823281
71149329
71160534
71034383
71078901
70823285
70882676
71038185
70756591
71123351
71153000
71153001
70975218
71119620
71038192
71149337
70860406
71167726
70900951
71075241
70871477
71115993
71001089
70745394
70763917
71064241
71030830
70882696
71023372
71115998
71049298
71182768
71112316
70760354
70738156
71030839
70852885
71127114
71030842
70864000
71160562
71123368
70975231
70767631
71027068
70978787
71116009
70797229
71116011
71193785
70967585
70775237
70941913
70789968
70934682
71197600
71082679
71041920
71049324
70778761
70793610
71153039
70778763
70845654
70745416
71193795
70912179
70786386
71093735
70900989
70919668
70860437
71101338
71019597
71097403
70834346
71060455
71193803
70971585
70797248
70741750
71030869
70982693
71149348
70945665
70852907
71027091
71197616
70819550
71119668
71104773
70886367
70749141
71093745
71116034
71101351
71116036
71138275
70841814
71052995
71179096
70997260
71167733
70827091
71104781
70908575
70923407
71001136
71156905
71179100
71179101
71182806
71112345
70823350
71123391
70738194
71078965
71078967
70930720
71130816
70882725
70890052
71119680
71093765
71090155
70763947
70908587
71097425
71090159
70908591
71027099
71193826
71197633
71179113
70738204
71116054
70878922
70830622
70800877
70882731
70849276
70904829
70993743
70890069
71078976
70827101
70919696
71071735
71123411
70960405
71193845
70949262
71012235
70738210
70745444
70997292
70808380
70934707
70964084
71008675
70919700
70834390
70956696
70830637
70834392
71078978
70793662
71027113
71167770
70812258
70778808
70912206
70749182
70760429
71182832
70930751
70997302
70993758
70800900
70812262
71104810
70864045
71182839
71078985
70812264
71145563
70904843
70971613
70793673
71160616
70830649
71193857
71030907
71123437
71078990
71093788
71186419
71164234
71153103
70978851
71034466
70926976
70982755
70771537
71138301
70823393
70771538
70893857
70753005
70982759
70941945
71153107
70923442
70886425
70901050
70930760
71104825
71123450
71056841
71112396
71023436
70982768
71112401
70871537
71082750
70800916
71149398
70819588
71119709
71023440
71171525
71079002
71167801
70871542
71045654
71104839
71127179
71053055
70923450
70912234
70971633
71023446
70927001
71119714
70793698
71145591
71004949
70882765
70875252
70982780
70775320
70949287
70878979
71119723
71023452
70741812
71153133
70753040
70845733
70875259
70982789
71086451
70997345
71097457
70775329
71056863
70760480
70793706
71116102
70953156
71023461
71164269
71023463
71145611
70849335
70919733
70860482
70856638
71053075
71004962
70790056
71090191
71164274
70964137
70990140
71138322
71193908
71023473
70797305
71004972
70756664
71004975
71149421
70960468
71104869
71190263
71038285
71030960
71093831
70919756
70764041
71160649
71138334
70882775
71134700
71030968
71190267
70953182
70856661
70990158
71138339
71056888
70993813
71134706
71149433
70897606
71197683
71004994
70990165
71145641
70738286
71038292
71149440
70986523
71149441
71142026
70819623
70882790
71186462
71190272
70745502
70864122
70967665
71008743
70967667
70867840
71101464
70841888
71104892
71175415
70738295
71038298
70930802
71134721
70975353
70804843
70760532
70856670
71182907
70871593
71012321
70941996
70941997
70764069
71104905
71038311
71101482
70819632
71079067
71119753
70942003
71067930
70841907
71023494
70875314
70864153
70942006
70890127
70800962
70912278
71016179
70849376
71079080
71101495
71060555
71130925
70808452
70942011
71045711
71016184
70804866
70912284
71008770
71097487
70949351
71064365
70942014
71153184
70845774
71045718
70882808
71053113
71142060
71038325
70993854
71179222
71186494
70867872
70871625
71093885
71134757
71008777
70982843
71116164
71038335
70823499
70856686
71175448
70904968
70993866
71097511
70934798
71119790
71053125
71079102
71134758
70871639
70778922
70953238
71119795
71082791
71108823
71056939
71153205
71101529
70960546
70804892
71053136
71164333
71071844
70956776
71171619
71108828
70982860
71138402
70853044
70841924
71138404
71197749
71079117
71193968
71093918
70993879
71193970
71093920
70919801
71027261
70867885
70978902
71060595
71112473
70890170
70967717
70897651
70893964
70823520
70819644
70845815
71079127
70997405
70867892
70886513
71042058
70993891
71104974
70916168
71142078
70993893
70893966
71123560
71197767
71086515
70827204
71193986
70919816
70942054
70790151
71079142
71034584
71067985
71160721
70856724
70964241
70819658
71130962
71182964
71031034
71112483
70875377
71008796
71182967
70856726
71045752
71071860
71038377
70778960
71079148
70864179
71112487
70882833
71027277
70778965
70905009
70812391
70971733
70916173
71175502
70919839
70986597
71064422
71138413
70919841
71023545
70901173
71142100
71023546
71079158
70838433
71112498
70853080
70756775
71193998
70760606
70801020
70864196
71012373
70864197
71160741
70890209
71179266
71119837
71116182
70916190
70879076
70934854
71097567
70945827
70930917
71005053
71164388
70786594
70945829
71019728
71138434
70993924
70916196
70801027
70890221
70838455
70875381
71123598
71090259
71179283
71179285
70982890
71167945
70993936
70930924
71119859
71112517
71179293
70827246
71119866
70930934
70845853
70808563
71164408
71079192
71053177
71108848
70990282
70838475
71108849
71149534
71093957
71171688
70897710
71027317
71119873
71131011
71145733
70845865
71190387
71005086
70916219
71079195
71183003
70808577
71164432
70779012
71093963
71068036
70801056
71157088
70871709
70808581
71194048
71075496
71145738
70871711
71149547
71134801
70930947
71145739
71005095
71075498
70897723
70779020
71049545
71093967
71031078
71194052
70923576
71034622
71008870
71060668
71183018
71008871
71190409
71075507
70993951
71142148
70890273
71183020
71001370
70993953
70908762
70982932
71016298
71101604
70823603
71005105
71031084
71183022
70753200
71179323
71123636
71190414
70834557
70882889
71012446
70960577
70993960
71134823
71160781
71086568
71194076
71027352
70930964
71105049
71167960
70949456
71086573
71016311
71086574
71093971
70819736
71031104
71031105
70894040
70908773
70908775
71023624
70930979
70930980
70860644
70753228
70738387
71108876
71153295
70808624
71149582
70923616
70875437
70875438
71038454
71119890
71149585
71093983
71127309
71053222
71082881
70860652
71053224
71097625
71049564
70982963
71075550
71145790
71131057
71190445
70886592
70930990
70782842
71190448
70756864
70967772
70897749
70867992
70793855
70938465
70853185
70967776
70916241
71090313
70930997
70779071
71079245
70738401
71108900
70931002
70779074
71134845
71090316
71164482
70827298
71068088
70942172
70986676
70842026
71049582
70875453
70953379
71068092
70786651
70931012
71171739
71045864
70971806
70842032
70912430
71094003
71005140
70868002
71164487
71053248
70797449
71164489
71175551
71119904
70749351
70801115
71027389
71112580
70793874
71119908
70764261
70956876
70897765
70808637
70771756
71027393
71034683
71101638
70994013
71145806
70771759
71079267
71149623
71005143
71142195
71145807
71127332
70982992
71149626
71194105
70860662
70845930
71145813
70749365
70919917
71094018
71183060
71023656
70994029
71167983
71119919
70986705
70805012
71082927
71042160
70871747
71005166
70742063
71023668
70812494
71119937
70956904
71082930
71153355
70871763
71194132
71145828
70816298
71038485
71038486
71086645
71079283
71005183
70764290
70749389
71108954
71145835
70945958
71082941
71101678
71119945
71086649
71134917
70923695
70782889
70756912
70945963
71194142
70849579
71149658
70942199
70912486
71105135
70934952
71034715
71138557
71094038
71075612
70875511
71001444
70849585
71053283
71190527
70997519
71134933
70805041
70779116
70960658
70823677
70864308
71045925
70779118
70842064
71045926
71175610
71164537
70860717
71042188
70905164
71094049
71049653
71175614
70849589
70738481
71082970
70994074
70979115
70879179
70749399
70782891
71105144
70801171
70949559
71186639
70849600
71045942
70960672
70956946
71119975
71197959
70942212
70994082
70890349
70805052
71194162
70986757
70830946
71082980
71097719
71038511
70738498
70964347
71094057
70827389
71016400
71082983
71101698
71072009
71145871
70801184
71183128
70875542
70942222
71016403
71082986
71042209
70771834
70912518
70979134
71171820
71045952
71075637
70942225
70875549
71082990
71175637
71116285
70946001
71005227
71157209
70901313
70805056
70830962
71038529
71086699
70967890
70919956
70860729
71008998
70897857
70860734
70860735
70983034
70786741
70846000
70908882
71023707
70938558
70749434
71116296
71190555
71190557
70823711
70919966
70812539
71057189
71079314
70749437
70886681
71079315
71131174
71031191
71038551
70942231
71197997
70742130
70775651
70797539
71142261
71109002
70912550
71045974
71086726
70953464
70923742
70886687
71164588
71101705
70808716
71105169
71045983
70860763
71005262
71157239
70997563
70871819
70868119
70779166
70793957
70890394
71072049
70897880
71005267
70879237
70749455
70830990
70805085
70875589
71123784
70897884
71060817
70745716
70871827
70749456
71064632
71009033
71131188
70994109
70860772
70923752
71131191
70905217
71079342
71072060
71164613
70905221
70923754
70967930
70967931
70886710
70775672
71049699
70860781
70883006
71068194
71012566
70908922
70812574
70831007
71149718
70957012
71168080
71094125
70868143
70883015
70775684
71009058
70879255
70838641
71038590
70793983
71049704
70923769
70801231
71027475
71023752
71157276
71186663
71027482
70960724
70838646
71101739
70756979
71086762
71120043
71105213
70771873
71123808
70745734
71120044
71012583
70823758
71038600
71064659
71038601
70942276
70990471
71094135
70883023
70856934
70834733
70871856
71171897
70838653
71112673
71131212
71160935
71168102
71138650
71186670
71031244
71145914
71157289
70749485
71086771
71001505
70805108
71194198
70842132
71157292
70793997
71109032
71198023
70994132
71053349
71198024
70883036
70864386
71049719
70749489
70856949
70749490
70883037
70994137
70894158
70938631
70775705
71142289
70946049
71190628
71009082
71042310
70990494
71145921
71135049
71086781
71116357
71123840
71183171
70831013
70819875
71019936
71090426
70871874
71190630
71145924
71083062
70749498
71090430
70983105
70838665
71053360
71183179
70756997
71083066
71005313
71079371
71064685
70775720
71053367
70794025
70905275
70908955
71105228
71175697
70738567
71145932
71142309
70920028
71168133
71171924
70860828
71168134
70997627
71179486
70875654
71120075
71083074
70771909
71046035
71142320
70908965
71171934
70927289
70942299
70908966
71001545
71049743
71198055
71031263
71153509
70790426
70983133
70856978
70942307
71090446
71060888
70931129
71194240
71164655
70846054
70942308
71012634
71079395
71027526
70827478
71157328
71042333
71090451
70860844
71053383
71094191
70960760
71005337
71160994
70953536
71160995
70942310
70860846
71068238
71120081
70997639
71157338
70986847
71094200
70764411
70886764
70931146
70983150
71079398
71090461
70853318
71164673
70957062
70771925
71123879
71083083
70983159
71094208
70749530
71075752
70953550
70871898
71157356
71046069
70997652
70857010
71031281
71094213
70923834
70834801
71131273
71145969
71123888
71075760
71009150
70931154
71031287
70994173
71094218
70875699
71023825
71120083
71060917
70920052
71186723
70860869
70846074
70975695
71038653
70935074
71023829
70890476
70935075
70890479
71023834
70860875
71038660
71198097
71064727
71053422
70831078
71123904
71083100
71198099
70990530
71164696
71060927
71031304
70931173
70923855
70860883
70764438
70860884
70794076
70912628
71053433
70960782
70860891
70846096
71086830
70920076
70894250
71145989
71046107
71079430
70823809
71123913
70935084
70935085
71161040
70794082
70968026
71183234
71198116
70860905
71049793
70794090
70931192
70738643
71031320
71083110
70808837
70857054
70868220
71027577
70838720
70883107
70931197
70916474
70890520
71145999
71001625
71038676
70931199
71164722
71146001
70764462
70912652
70883111
71146003
71053456
70983192
70801308
71138707
70972050
70879354
70909003
71109100
70738662
70942333
70849774
71049812
71175734
71198138
71005421
70834844
70771992
70849780
70775781
71012712
71023860
70823830
70808849
70901461
71164738
70797698
70786912
71142368
71186778
70979300
71164740
71198148
70816495
71023868
70823838
71198153
70920119
71101812
71138727
70849793
71009202
70868248
70772004
70923907
70868249
70916479
70794122
70871954
70794124
70935140
70860927
70905319
70920129
71198165
71027611
71109139
70838752
71142379
71079460
70994232
71146024
70738689
71194347
71046140
71135149
70883137
70794129
71183281
71023884
71072148
70979320
70860932
70931209
71146030
71175753
70883142
71083142
70742281
70871968
70786931
71079475
70742285
70912703
70786934
70972080
71138741
70779319
70883146
71090540
70794143
71175757
71138743
71175760
71194355
71086878
70931221
70875759
71179567
71064800
70794157
70838772
71101850
70983248
70775834
70794161
70808900
70931231
71049832
71112773
71086889
71131329
71116485
70757146
71086894
71094314
70816535
71094315
71112781
70879388
71109179
70772029
71135187
71009223
70949800
71023909
71149836
70920161
70790532
70927390
70979360
71149840
70853400
71135190
71053482
71094328
71075848
71009231
71149846
71086904
70983267
70927398
70753523
71112795
70812684
71001679
71164776
70857086
70801344
70786981
70909047
71094345
70909049
70986981
70816554
71012763
71042454
70760934
71042456
70898081
70853413
70849836
71190728
70931242
71149865
70872029
71038754
71190730
70983283
70931245
70920175
70901515
71064830
71124000
70875789
70942387
70935203
70808933
70834917
71172042
70960892
71138779
71124003
71005457
71097937
71097938
71146085
71020118
71149877
71175823
71186844
70972144
70901522
71183346
71105321
71131384
70872046
70901524
71009265
71120239
71086926
70935218
71046206
70894340
71157452
71046207
70861011
70894341
71086930
71031399
70931268
71149883
70942403
70983297
70949846
71009276
70994312
71190760
70779363
70753545
70905359
70820060
70886906
71031406
71105341
70923974
70801381
71079534
71079536
71105348
70920182
71175835
70901545
70905370
70972172
71079538
71068414
71142463
71053530
70987026
71149895
71198263
71009294
70920190
70983319
71175844
71142471
71183369
71038780
71031422
70909084
70912756
70823923
71035003
70808953
70883183
70738784
71127663
71146097
71124026
70816599
70949876
71116537
71124030
71009308
71023981
70864580
70975861
70931278
71090597
71094407
70846207
71012823
71038797
71168354
70931282
70779386
70898106
71083245
70994349
71112860
70901559
70983331
71012831
70883200
71090604
71049915
71075910
71164830
70931285
70983342
71146122
70808975
70808976
71094424
70823946
70935276
70760990
71031439
70842307
71179641
71079578
70883213
71179642
71079581
70983350
71057437
70912767
71053561
70931299
70979434
70997775
70931302
70753601
70905420
70987077
70935287
70924009
70968174
70920206
71190814
71157520
70849913
71068442
71035041
71149919
70964657
71086980
70738823
71020175
71038834
70831268
70975887
70868379
71109293
71005525
70779420
71146138
70794260
70772095
71105387
71105388
71168404
70849931
71116567
71153706
71012868
70983375
70753617
71153708
70868394
70768393
70957287
70886970
70942482
71153710
71161201
71120297
70957290
71016643
71172110
70801457
70775944
71031470
71027738
70994372
71149941
71179660
71190849
71161206
70761002
70912802
70783201
71079610
70761004
71135272
70946220
70868411
71116577
70820144
70849955
70823976
70834967
70790634
70935331
70816666
70794291
71198370
70942500
71109326
70775956
70820147
71024048
70853538
71164883
71190864
70805359
70879500
71031485
70857229
71120317
71027754
70894417
71146146
71001802
71190869
70853546
71109331
71168432
71186942
71087004
70890654
70779438
71024059
70931362
70875888
71094483
70838921
71094486
71079622
70927514
70816681
70909130
71046252
71075975
71194489
71120327
70864666
70946252
70846265
71161232
71112921
70797863
71161238
70931373
71198381
70861071
71109342
70898171
71105404
70775984
71105405
71027781
70849965
70838925
70994401
71090682
71146158
70949924
70768448
70901644
70931383
71005574
71105411
71057488
70994408
71038905
71164920
70849974
70957311
71038907
70920250
71105418
70779458
70983406
70827716
70801508
71035111
70938940
70909146
70887017
71005583
70890680
70997852
70801511
70924089
71001824
70790683
70898182
71164929
70916674
70953710
70879534
70794313
71138896
71016714
71053665
71175942
70861090
71001834
70912864
71105446
71175944
71046287
70905486
70842401
70920274
71127768
70824030
71172178
71153756
70883306
70790703
70757307
70994424
71146185
71098074
71046294
71031522
71161271
70838947
71142540
70898188
71083371
71157557
70905504
71131497
70909177
70964761
70946280
70916699
70749777
71142546
70846295
70942564
70745989
70776031
71116625
71164959
70942565
71031531
70816727
71183491
70901663
71179703
70983453
70931404
70938982
70776040
70768489
70809110
71127795
71142553
70946291
70938984
71046314
71116633
71138936
70931410
70827741
70912893
70787126
71038931
71057531
70931414
70997901
70887070
70764715
71038935
70787132
71120364
71012917
70968273
71150012
70920291
71031549
70968275
71161287
71146222
70850018
70842445
71146225
70816750
70783296
71164989
70772209
70749797
71035161
70842454
70942597
70898227
70916713
71083408
71009440
70883340
71061171
70746032
71124162
70772216
70842456
71020281
70957378
71164996
70946304
71183524
70931424
71087095
71079659
70853612
70987220
71046337
70883348
71068560
70864744
70842466
70831402
70872188
71098102
70894484
70894485
70820222
70890734
70976017
70861146
71179713
71098109
70920323
70939010
70776077
71087118
71127813
70835086
71072368
71179726
71176023
70905579
70850055
70776082
71053722
71146261
71168486
71061193
71009469
71124189
70872202
71087135
70868519
71105496
70846333
70812873
70772253
70850067
71098129
70964820
71150034
71112994
71087143
71165035
70987242
71076097
70857332
71001896
70746086
71179732
70916755
71116685
70979553
71079678
70787160
70768539
70994492
70868532
70824080
70868533
71038989
71150047
71053752
71138981
71150049
71194567
70890770
70939042
70920341
71124202
70883383
71050028
70794370
71165047
70764777
70809157
71102111
71120421
70957430
70901723
71172269
71124204
70790808
71083477
70953777
71087163
71001918
71190989
71190990
71127864
71053775
70924163
71187040
70835119
71179759
71161344
70909244
71168524
71116716
70990818
70879632
71179767
71079698
70827790
71090797
71157655
70894520
70979585
71165062
71083496
70920364
70901737
70931478
71146291
71057614
70887115
70839047
70924174
71113006
70839049
71046395
70872231
71131556
70997989
70979596
71120451
70738985
70861190
70987270
71179782
70831444
70861194
71053798
70764811
71068605
71039004
70964876
71146305
71065056
71087186
71120458
71083515
70998001
71157670
70935499
70824118
70968341
71191016
71039012
70972336
71139029
70920367
70935505
71113025
71113026
71157677
70883411
70957476
70942627
70761179
71068619
70835133
71116757
70946362
71183642
71198534
70894562
71105533
70861212
70779579
70816840
71146317
70835138
70905653
70872260
70797993
70890817
70824137
71146322
70816846
70861221
71120486
70920379
70746156
71079720
70920384
71061276
70739011
70779595
71179818
71005748
71157695
70905666
71172319
70824149
71065082
70753797
71039038
71135454
70801602
71083538
71102166
70913003
71079731
71050063
71116782
71083542
70987297
71079736
70979653
71120499
70931518
71068657
71127922
70942648
70857422
70753816
71187101
70753817
71039054
71083554
70872279
71176113
71087231
71153889
70898323
71079745
71098222
71079750
71087245
70850152
70927709
70824176
71176131
70942661
71105577
71124255
71087248
70824178
70779646
70931542
70783433
70857439
71142654
71109485
70990888
71153907
70872307
70801642
70883471
70913036
71135487
71009560
70809231
71072454
71009562
71005783
71046464
70816881
71183687
71109495
71191081
70972391
71109498
70846449
70968422
71035298
70798030
70913052
70894610
70779666
71013051
71153920
70772362
71102212
71087263
71083586
70761239
70957533
70746231
71050125
71020399
71079780
70820354
71194643
71113084
70998090
70827863
70972402
70827864
71083593
70983599
71109509
70998092
70950128
71002007
71109511
70935585
71087270
70894627
70931581
71176135
71027983
71109520
71150160
71124298
71183713
70824207
70801671
70812983
70983612
70805554
71127955
70772387
71135523
70868643
70861314
70857495
70990911
71079796
71113111
71005817
71031661
70749938
71002033
70764931
70946430
70850175
70790888
71153943
70901843
70894641
70772396
70801681
71191131
70790889
70946435
70787280
71161473
70920484
70853802
70798053
70779702
70764938
70901852
70850185
70994576
70876089
71083622
71176156
70905742
71016955
70990928
71042742
71187153
71127969
70790901
71061342
71191148
71005836
70942699
70768644
71150188
71002044
71028010
70898383
70972429
70779714
70827907
71109539
70772418
71087307
71087308
71135543
71146397
71016971
71146398
71031672
71061353
70787316
71157764
70931597
70872385
70968476
70994601
71120560
70931604
70927798
70794506
71120564
70965010
71116877
71139141
71131679
70746281
71068718
70983657
71135554
71105660
71020465
70965013
71179926
70805582
71179927
70883535
71035357
71120573
70961213
70809302
71035360
71116881
71146417
70990949
70998127
71168633
70920520
71127997
71109563
70972451
70957595
70872409
71157784
70883547
71009614
70820429
71050176
71194723
70742693
71165188
70772442
71024287
70972464
71128009
71017012
71017013
71098322
71165194
70935664
70979771
71194734
71109577
71002081
70839146
71002082
70764996
70787338
71191175
70913159
70961243
70965051
71120585
70998157
71135573
70924308
70757531
70872433
71113185
71090923
71124340
70983680
71057804
71176178
71146429
71050196
71009630
71076229
71039162
71102302
70894658
71079845
71176184
70961256
70864929
70961257
71113190
71176187
70961258
71061390
70927847
70872446
71020498
70879792
70739148
70909418
71053915
71172460
71039174
70942769
71079857
71161490
71124354
70850242
71198660
71161491
70794548
70990972
71057823
71146451
70813090
71098355
70824274
70942778
70894681
70753922
70946504
70753923
70809317
71046548
71194755
70779767
71187212
71050216
70846537
71017037
70913174
71165224
71165225
71005910
71124367
71153993
70979781
70942782
70913180
71113217
70772472
71042823
70842656
70876128
70990985
70765032
70920566
70913187
70883567
70839186
70939234
71131722
71109599
70824290
71179988
70750002
70931672
70757556
70935698
71154006
71135608
71187231
70883574
71035443
71083716
70750011
70861380
70809335
71172493
70901947
71109616
70916922
70753944
70916924
71142790
70998196
71053967
71039198
71105739
71061415
70994678
70831658
71105742
71124396
71172507
71150288
70913212
70787385
71168707
71154032
70883594
70913220
70839221
71098405
70750024
71090958
70761367
70931678
70931679
70779790
71146472
71150293
70750028
70794597
71157865
70794598
70779793
71157867
71068747
70746355
71031770
71146480
71053983
70779797
71087405
71098416
71194775
70909485
70805619
70998210
71113255
70905831
70857618
71146483
70824329
71139235
71150305
70953978
71131739
70746370
70783614
71053988
70905841
70946531
71150310
70801765
70776385
70920597
71068764
70894731
71039202
71009692
71135625
70972572
70739212
70868772
71168738
71131745
70779809
70898502
71046611
70857634
71116969
71157881
70831685
70824345
70879874
71013161
70972580
71139250
71116972
71002139
70768776
70883621
71187282
70961335
71105779
70942848
70905860
70894743
70901973
70809358
70994697
70994700
71172515
70883630
70942856
70850318
71079919
71142833
71046622
70994704
70831702
71198708
70850324
70950294
71054015
70983774
71013168
71105787
71039219
70765073
70750073
71091004
70987454
70816998
70816999
71061446
71191217
70872532
70846616
70794610
71068768
70991072
71128084
71191219
70794612
70817005
70835373
71176258
70950303
70757615
71042878
71076303
71024370
70861424
70983788
70916981
71105795
71154098
70783639
71091015
71172536
70913287
71128095
71161548
70801807
70931721
71191236
70987477
71142844
71157923
70850340
70983794
71128098
70920629
70850341
71061464
70894767
70950318
71157926
71035529
71157928
71009724
71054035
70872549
70994721
71050304
70805663
70957720
71046649
70794629
71065260
70976298
71035532
70776429
71187330
70798174
71176282
70776431
70939310
71035535
70987492
71046657
71091035
70957728
70879901
70757642
70979835
70905872
71191251
70853973
71191253
71105824
70846657
70846658
70927950
71039239
70805680
70791023
70983810
71157947
70935791
70872558
71042905
70794650
70850365
71183898
70931753
70839283
71046677
70772550
70954042
71180098
71035550
71076346
70846670
70902022
70972618
70742826
71035553
70835426
70817047
71120696
70739285
70776465
70842767
70779863
70817049
71039251
70987521
71083786
71087451
71168805
70883673
71154121
71180111
70787461
71061515
71191272
70757669
70865047
70787465
71094823
71142880
70879918
70976345
71109724
71087458
70954063
71079966
70861492
70824425
70861494
70824426
70872593
70994758
70787478
71057948
70961399
70920677
71172596
70872597
71061535
71013239
70765117
71057950
71198782
70746439
70894795
71191285
70813243
70750109
70979878
71076361
71194857
71124485
71046687
71113343
70861504
70809424
70883702
70828071
70998292
71180129
70861506
70798200
70765129
70979887
70824444
70902052
70931792
71165368
70850376
71131817
70783679
71194864
70850378
71146593
71046697
70783681
71172608
70846707
70850383
70972655
70924479
70872613
70983858
71113355
70942946
71013249
70942949
70750120
70824452
70883718
70920692
70879947
71146603
70750127
71035582
71079989
70902070
71113366
71154156
70902071
70754067
70839342
71146606
71180141
71091094
70861530
70968637
71079997
70917041
70942962
70979898
70750140
71139333
71024424
70798219
70979903
71158011
71161644
70935879
71087487
71109775
70883736
71146613
71135769
70894819
70961434
71046717
70979908
70776522
70939378
70750155
71120756
71124508
70998312
70972678
70739352
71006072
71046721
71080005
70861553
71065318
71017195
71080010
70931818
70813280
70942977
71150448
70876286
71150449
71120765
71180160
71158025
71002246
70942981
70850401
70854060
70957841
70891109
71061570
70772621
71094885
70809443
70809444
70768881
70794711
70794712
71080021
70939391
71198798
70761502
70742913
71028237
70850406
70876296
70846750
71065336
70950435
70894829
70942993
70924529
71158034
70979929
70820661
70905969
70983876
70813292
70976415
70987595
71109804
71146641
71198809
70983881
71158044
71180182
71183960
70983884
70924538
70924539
70976429
70824488
71039314
70857730
70898638
70957866
70935914
71102471
71187426
71154208
70994830
71054129
70850422
71165404
71028257
70765185
70857737
71158051
71017230
70857738
70935921
70817137
71013286
70765188
71131874
70868913
71105900
71061604
71139383
71020738
71131880
71158057
71183981
70842858
70854100
71139385
70865111
70913412
71109826
70902113
70994847
70794738
71068940
70794739
71028260
70931859
70972718
71091150
70742935
70787574
70779955
71043006
70809474
70742940
70998352
71109832
70983901
71109833
71061617
70809477
70957891
71124580
70931867
70909672
70813331
71083885
71194947
71168901
71002298
71139399
71039346
71191358
70742957
70913433
71017254
70902131
71032010
71061629
70861626
70883774
71061632
71094940
70794759
70739411
71161711
71113438
71146676
70957912
71006131
71161714
71176399
71109854
70943023
71065401
70842886
71002315
71191365
70765223
70913439
70765224
70839408
70998385
70876350
70983920
71024489
70917116
70761548
70935955
70765228
70783792
71054181
70906026
71165453
70876354
70746560
70976488
70931887
70961505
71009887
70920769
71109883
71094952
71135865
70746563
70994871
70857790
71184041
71135868
71080070
70861639
71054200
70742993
71083928
70994873
70994874
71158094
70939481
71161759
70828193
70857796
70898686
70850459
70783820
70891165
71165479
71146722
71020789
71165481
70765253
70813370
71068981
70957948
71180268
70768979
71176442
71131898
70931914
71109907
70943073
70787634
71087606
70980024
71150545
71191401
71176449
70902180
70831882
71180280
71039409
71035675
70913495
70924584
71054221
71187517
71061693
70831892
70902186
70980027
71072806
71135898
70765274
70817218
71032071
70750227
70902188
71087619
71013338
71105968
71080108
70787644
70809538
71117180
71006187
71187526
70750229
70972797
71187530
71135906
70846832
70931939
71128318
71091224
70824548
70909724
71017336
71046817
71172717
71146751
70894928
70994909
71120857
71146756
70872764
70813416
70776637
71161789
71061705
71083965
70894931
71039424
70968731
71187538
70743031
70939525
70872765
70894935
70939527
70936022
70954229
71187540
71076525
70805831
71113514
70906081
71061718
70765313
70939536
71002383
70739475
70854177
70906085
71113515
70883833
70968741
71120869
71080135
71006201
71150583
71102578
70769023
71146770
71198933
70957990
71054237
71054239
71191442
70987709
70831935
71139479
70813441
70750249
71054243
71191445
70972814
70754250
71102582
71009960
70820793
70965392
71198938
71076539
71124671
70824579
70780011
71061742
71091248
70761626
70887551
71139488
70772721
70972823
71187568
70987717
71076547
70887555
70924618
70754261
71080147
70805846
70783880
70894966
71109972
70780027
70939563
71120898
70958016
70958018
71035741
70931963
70828255
70946765
70902219
70809561
70761636
71131954
70972834
70831955
71039444
71058131
70968756
70824580
70861704
70891211
71198964
71039449
70869049
71187588
70791218
71002402
71124699
70939578
70961569
70913548
71131961
70750274
70913551
70857867
71091274
70931977
71198978
71028411
71028412
71113536
70780047
70950559
70894994
70987748
71069050
71013396
70809576
71065480
70961583
70739534
71061781
71191475
70857881
71158166
71187601
70902241
71039470
70898730
70857882
70958045
71113539
70980107
71146793
71113540
71154350
70869075
71084025
70898734
71113543
71165568
70798343
70965436
71187607
70972865
70798345
71169052
70869080
70794861
70943156
70909805
71054288
70857886
71061789
71128351
70757882
70998480
70754301
71172778
71084039
71161839
71109996
70835662
70780066
71169058
70772771
70739553
71146808
71158171
71058167
70976581
70857895
71002439
71128358
70987760
71106043
71046860
71046862
71006270
70794878
71113561
71110001
71110002
70946797
70828281
71076572
71158182
71176546
70739561
71184120
71039473
70813526
71110006
71032127
71054305
70787726
71009994
71028439
70998496
70968790
71161854
70994968
70861756
70883848
70835680
71017394
70984011
70824603
70780079
71046868
70857910
70802037
71013434
70998500
70831996
70802039
70895030
70743113
70998506
70750321
71106056
70928217
71128379
70954332
70876477
71080173
71080174
70843023
70839563
70843026
70991314
71006302
70920863
71139542
71150663
71124730
71172795
70932008
71054332
71050566
70891263
70961620
70872837
71165621
71046879
70872840
71054338
70739566
70891269
71143113
71106068
70943197
70746709
71050571
71080188
70932020
70984034
70950617
70739577
71199009
71161880
70917291
70824634
70787759
71087725
71050583
71102670
70939647
70835706
70932029
71065538
70787764
71117282
71046897
70939649
70824644
71110044
71150692
70861803
70932042
71032160
70924713
70824648
71161900
70757919
70924716
70895072
71113607
70754346
70965483
71002496
70780118
71046899
70861811
70824652
70991347
70946843
71039537
71065545
70961651
70772835
71039539
71098720
70746748
70924726
70924727
70883899
70932058
71161911
71184195
70984073
71065550
70943234
70780131
71039542
70883902
71080222
71184201
71110058
71161917
70850605
71113632
70995026
71176586
71172841
71172842
71020967
70809651
70843064
70850613
70928289
71054396
70883910
70883911
70828332
70769167
71087746
71117307
70876504
70765415
70984084
71117313
71184215
70791321
71061855
71199041
71106121
70861847
71013508
71054406
71061858
71143184
71191538
70920924
70809657
71158257
71106125
71136055
70998578
70780136
71199046
71050609
70906199
71154410
70780142
70761725
70798422
70780143
70850632
70943252
71172869
70998585
71143196
70743197
70817369
71050614
70883936
71136072
70917345
70850643
70861859
71113666
71113667
71172880
71046957
71046959
71069125
70809675
70798440
71176618
71098760
71150736
71113675
71158276
71076629
70869164
71195159
71154430
70784006
70998602
71128431
71187693
71010061
70876539
70761750
70794995
70917359
71158287
71039578
71146906
71061885
70750403
71187699
70991399
70883940
70772880
71080292
70869177
70865358
70939704
70984127
70798458
71169207
71169208
71132070
71017466
70798459
70861885
71091397
71113695
70865363
70984132
71017471
71187710
70865365
70891327
70932095
71154444
70939718
71154445
70809703
70939719
70872937
70757963
71065590
71102737
71047000
70932101
71154450
71058291
70995088
70824734
70909927
71180513
71061902
71098790
71176649
70835793
70757971
71187722
70995096
70968911
70898860
70946891
71158303
70750426
71058300
71199087
71191566
70984144
70843113
71176656
70787829
70861909
70891347
71043220
71158310
70780165
70946899
71113716
70820951
71176658
70824737
71169241
71069168
70909934
71176662
71002606
70998647
70920978
71158321
70902382
70902383
70765495
70972980
70780177
71021034
71187738
70750440
70780178
71199105
70991449
70806010
70869213
70795015
71176672
71106191
71047016
71106192
70991450
71176673
70835815
70913695
71013582
70817425
70869217
70746846
71061928
71058321
71073044
71106200
71013588
70795023
70802170
70795024
71073048
70743257
71199111
70806024
70987902
70795032
71010111
70872958
71006416
71039618
71076692
71061940
71187759
71176691
71039623
71180522
70798492
71154480
70972994
71080337
71191620
70809745
70809747
70880275
70936166
70743272
71035917
71080340
71172956
71002628
70939753
71176701
71146940
70809750
71076704
71199128
70898899
70869235
71176705
70906286
70772936
71132107
70884005
70946939
70995132
71162016
71169245
70865406
71080352
70850687
71199139
70984162
71191626
71013610
71091465
71169249
71139650
71158351
70850691
70750459
70995143
70906294
71006432
71158353
70998692
70906297
71002654
71017524
70850700
71065652
70884022
70884023
70895165
71165751
70802187
70761786
70958218
71195199
70924814
70861962
70884026
70876607
70776879
70995150
70835874
70813689
71039636
70872984
70850712
71136151
70995152
71106216
70954470
70761794
70884031
71006449
71199165
71061953
70921024
70973005
71102808
70995157
71136156
71106221
71058366
70950766
70965607
71010131
71013627
70813695
70791420
71158380
71191648
70950771
70995167
70806049
71191649
70809783
71054537
71069215
71013629
70865438
70746879
70895172
70936189
70787901
71172991
70876630
71176739
71039658
70784120
71184312
70909992
70765539
70984207
71058377
71169282
71028652
71039663
71110184
71158390
71158391
70850721
70832139
70973020
70932185
70739717
71124901
71054550
71039666
71039668
70847042
71102830
71054553
70917478
71121146
71054555
70739724
70973022
70946970
71191664
70754450
70809807
70906336
71073088
70976734
71058386
70998731
70950799
70895189
71054557
71073092
71054558
70943356
70913766
70780240
71180567
70876640
70791453
71176769
71058395
71058396
71065691
70802243
70750506
71106233
71065695
70772988
70850736
70824819
70795083
70954502
70854444
70939828
70746910
71143301
71028653
70932209
70884048
70754461
70961788
70850742
70895205
70787932
70954512
71013646
70887848
71017571
71076766
71132180
70991508
71176784
71136193
71199185
71017575
71187792
70795094
70862008
70973051
71173020
71110217
71013652
71035964
71158419
70850754
70776937
71013658
70817492
70765570
70776940
71176791
70895220
71095296
71054565
70809829
71091513
70998761
71146996
71113816
71080415
71013660
71039703
70858164
70802269
70965644
71191696
70750535
71113819
70758044
71169330
70761872
71002719
71180579
71173040
70891426
71054576
70928433
71180582
70965646
71084228
70806084
71124922
70976753
71021131
70809838
71080425
71054581
70917511
70884060
70765581
71084234
71121183
70809841
70976761
70809843
71162115
71139696
71132209
71113828
70928442
70921099
70987986
71073136
71169342
71180593
70973084
71065735
71058448
70969035
71113834
71069269
70758063
71006499
71087915
70895252
70787959
71062007
70850772
71098935
71069276
71110247
70806099
71110249
71039730
70743358
70950845
70936255
71087923
71128555
70835959
70784157
70739759
70795116
70773052
70969054
70776974
71062024
70902477
71058474
70998795
70828465
70850788
71050802
70795127
71136239
70928473
70973111
71199226
71098959
71047147
70765593
71124934
70991557
70902486
71147045
71124935
70998807
71176834
70961839
71176835
71106286
71065766
70746978
70924889
70950873
70884087
70928485
70991558
71143365
70813753
70895271
70917543
70743388
71154586
71058489
71028729
70961849
71191739
70750588
71195283
70976812
70780294
70873071
70795134
71187843
70780297
71184409
71113875
71098968
71039755
71058496
71110273
70984266
71132234
70895285
70739792
71047169
71154596
71154597
71002766
71102912
70865504
70950881
70780300
71080457
71084291
70817525
70854482
70961856
70824849
71043387
70887914
70850815
70865511
70835981
70876722
71158467
71076841
71195296
70780307
71147074
71106310
71021209
70936283
70895295
70765627
70902494
71128579
70765630
70991589
70802353
70791573
70858251
71124951
71117538
70791576
71062036
71173085
70984291
71128585
70936293
71184431
70832235
70773091
71162168
70973148
71013736
71117549
70899045
71013737
70806131
70995262
71113901
70873096
71158484
70787990
70821136
71173099
71080471
71039779
71062051
70739822
70950901
70773102
70936296
71098976
70832253
71117558
70910117
70917581
71043408
70947104
70958326
70980440
71187860
70887941
71128596
71065786
71176872
71136273
71036019
70961886
70973171
71043417
70847141
71199250
71113918
70862080
70913877
70973176
71062066
70850841
70765647
71047207
71176879
70765649
70884103
71043422
70998880
71139777
70895329
70747048
70917586
70798615
71128615
71199257
70895333
70798617
70843250
71102957
70887955
70876767
71110325
70917590
70906463
70813790
70824884
71173121
71076876
71180717
71054657
70876772
71106349
70950942
70998896
71095414
70862099
71199267
70906471
71147122
70947142
70788035
71080511
70950947
71199273
71021253
71191782
70984341
71002823
70795215
70873129
70998903
70758139
70862105
70995289
70928520
70947152
70839853
70839855
71054671
71095430
71191793
70777037
70899090
70828535
71065835
71024942
71076899
70761985
71013769
70895375
71062083
71110333
70854561
70884141
70965758
71039818
71028821
70995306
71154651
71062089
70988118
70961940
70880498
70780376
70984357
71199291
70969156
71013776
71036076
71002846
71039828
70795238
71117598
71154659
71187910
71050906
70795240
71058599
71080544
71187913
70888007
70906508
71199300
71091668
71199301
71080551
71143457
70739874
70862129
71143458
71058602
70880512
70973207
70858316
70973208
70880515
70888013
71125034
70980498
70795250
71113978
70950984
70984374
71062117
70984375
71176928
70788084
70888018
70980500
70780397
71121259
70884174
71128644
70936338
71113982
71158561
70843290
71199302
70769491
71095463
70784281
70947197
71128648
71165976
71139822
70843292
70884179
70928542
71102985
70809934
70754658
70998956
70873180
71173186
71080564
70961971
70850868
71095471
70947204
71039842
70895409
71058621
70788101
71184504
71158572
70958412
70947206
71062141
70854617
71047250
70954666
70899157
70976890
71047254
70862150
70850879
70821216
71173201
71117619
71021299
71047257
71176951
70836065
71136324
71162255
70891584
70780428
71073270
70988166
70847216
70976901
71073272
71136330
71054737
70954678
70936365
70754682
70991687
70836070
70754685
70813862
71062164
70988173
70850899
71132334
71191852
70795294
71062170
70917648
71180801
71054742
70962004
70780444
71114002
71154693
71132338
71002869
71125068
70906546
71054745
70873191
70821242
70798692
71076956
70873195
71169467
70739917
71136348
70739918
70865594
70988183
70784307
70899194
71165994
71039850
71114013
71069464
71158591
70921276
70891596
71002879
70884219
70962017
71173215
71132351
70954703
70976934
70906560
71076968
70743543
71039856
71002884
70906561
71114019
70865599
70925031
70832353
70780464
70809968
70769537
70921287
70862155
70747106
71039860
71114025
71106395
70976950
70891606
71103039
71158609
71158610
71184568
71195448
70832363
70854641
70951020
71114032
71187968
71103044
71177006
71114033
71117656
71073303
70899207
70928589
70795318
71180828
71158615
70914037
71177013
70765733
70958445
70747125
71047309
70791685
71177015
71091751
70750684
71013871
70984423
70962039
71076984
70869549
70854652
70984427
71006666
71195461
71006667
71117676
70850941
71136372
71103062
71036165
71158631
70754726
71173253
71069505
71114054
71158632
70995370
70780490
70991735
70798723
70813897
71032523
70991737
71128743
71180851
70947258
70788148
70873238
70999004
71132392
71128746
71021346
70798734
70850963
70899239
71158645
70962062
71043544
71128754
70773189
70739951
70936429
70806255
70999020
70843393
70899248
70902642
70940052
70802506
71162304
71099092
70921314
70754753
70943588
70921319
70828612
71088139
70788167
70906595
70754758
71065936
70798754
71136418
71158665
70910242
70954754
70862213
70836122
70862214
71195475
71091787
70762093
70980577
70754761
71151071
70925086
71128772
70769601
71136428
71158671
70825054
70962074
71095554
70743613
70828624
71077042
71139889
70943601
70762102
70999055
70940082
70951080
71106446
71132425
71043570
70825067
71158681
71184628
70862242
70810016
71158683
70973306
71054814
71095568
71169530
70806281
70910248
71032563
70988291
71169532
70973307
71114076
71106457
70762113
71013924
71088178
71062268
71177065
71002926
71010377
70850994
71002930
70914094
70865637
70940101
71103116
70813954
70940103
71013934
71199386
71132435
70902688
70750741
71039949
70865644
71062280
70780553
70854727
71062282
71169555
71054836
71051069
71151090
71139922
71132442
70754808
70895525
71166088
70780559
71169557
71002939
70865652
71132446
70884287
71188007
71021386
70865658
71114081
70876906
71121385
71017878
70984483
71069536
71162362
71125139
70788232
70739984
71062295
70791770
71143537
71143538
70951114
70762134
71158724
71099151
70806299
70798809
70910254
71073367
70836144
71125146
71136482
70876913
70873310
70973343
70895545
71143547
71077093
70747203
71114091
70840029
71199424
70773278
70906651
70951128
70851011
70880642
71099169
71154783
71154784
71195541
70773283
71173367
71062318
71117741
71199433
70951136
71188040
71069544
70740020
70928699
70902733
70854765
71136505
71077107
71188045
70895564
71062325
71110547
71043627
70888195
71017892
70762158
71002964
71199448
71106479
70865682
71073400
71110552
70928706
70910297
71006756
70758301
70977100
70843486
70740033
70851033
71106489
70999096
71084558
70888208
70899364
71132493
71169593
70840058
71125179
70780590
71195555
71191992
70851040
70902754
71121430
71121432
70906674
70806341
71106501
70910312
70765806
70951165
70851051
71054875
70902762
71173388
71040008
70843488
71110565
70965980
70840061
71021422
70899386
71195563
70758318
70851053
71036295
71139976
71192015
70791815
71080712
70814033
71006770
71106512
70914144
71177122
71177123
70784444
71084588
71088260
71062355
70780623
71054886
71043654
70810101
70902788
71192026
70980680
71173398
71177138
71054891
71151164
70847377
71177144
70932580
70814048
71088269
71088271
70876976
70921420
70958624
71151173
70828733
70895618
71143585
71114162
71066052
70750789
71114165
71091905
70906705
70910361
70821403
71047462
71173418
70895621
70851080
71151185
71051155
70806360
70873405
71140014
70943725
71054914
71125243
71169627
71062363
71066070
70917825
70817832
70925214
70851099
71173438
70851100
71032639
71162417
70851102
71125256
70891754
71062375
70854847
71062376
71073483
71195626
71147355
71025178
71173449
70943730
70991879
70865725
70806373
70984575
70773334
71003048
71088292
70858538
70895646
70884388
71054946
70765866
70984579
70895649
70895650
70869719
71047471
70947407
70747290
70969366
70843568
70798874
70780660
70798875
71188106
71177193
71099260
71054961
70877026
70825154
70825155
70925230
70743728
71140043
70888262
70999177
70747295
70928785
70802632
71054966
70999183
70821440
70854860
70854863
71088317
70847447
70884410
70902841
70877044
71125293
71140057
70891778
70928798
70943765
70869745
70851155
70891784
70928801
71062382
70758379
71062384
71140073
71062387
71088333
71151235
70828778
70877060
71140077
70973438
71062396
71140080
70932643
71140084
70858568
70780693
71121490
71188135
71132620
70791857
70825176
70825177
71154907
70995528
70906775
70995533
71021523
70750867
71106595
70910424
71054984
70865754
70877084
70917860
70980766
70750875
70999214
70858588
71154912
70995541
70806414
70880768
70798910
71195695
70973471
70995543
71128894
70910439
70780709
70795478
71169693
70798919
70906781
71173529
70780717
71143680
71095744
71143682
70828814
70747337
70947423
70925288
70995560
71154916
71192070
71128915
71099306
71054996
70814148
71143691
71080840
70773378
71169715
71125331
70854891
71132672
70814157
71036453
70825203
70999244
70747361
70921538
71154935
71140124
71140125
71151269
71014129
70758440
70925318
70765889
71177224
71195742
70836311
71014136
71188182
70810181
71177233
71169736
70828828
70836316
71099344
70880815
70921550
71188188
71092007
71177243
70943817
71106622
70791903
70795528
70828837
70943822
70921552
70795532
71014146
71188196
70991943
70928869
71047552
71140140
71151289
70880836
70821505
70877097
71099362
70980848
70925320
70750916
70843677
70877104
71014162
71143707
71069655
70854907
71154966
71188215
70791929
70928890
71106647
71125385
70947441
71143719
71128964
70962259
71143722
70825223
70750933
70795560
71014179
71154984
70821535
71099392
71132730
71132732
71117954
71169755
71099395
70810226
71043844
71069673
70991967
71069674
71140174
71169757
71117962
70932716
70806482
71121606
71155006
71014206
70836346
70798999
71021614
71069680
70780782
70806502
71169784
71169791
71099432
71106704
70865804
71169798
71099437
70991997
71188245
71106713
70962307
70750965
70865823
70992011
70999311
70750975
70806526
70903052
71143766
70995708
70780827
70854928
71188265
71106739
70747460
70928993
70877155
70962344
70865855
70843787
70962347
70891918
70810298
70891925
71169838
70999365
70865877
71147578
71129044
70799059
70810317
70751031
70929023
70802792
70947547
70802794
71188309
70999395
71143809
70810333
70999401
70828960
70891971
70751052
70810338
70865949
71069816
70751091
70806591
71106809
71106814
70751107
71106819
70799123
70799124
71143862
71188356
70865994
70799136
70806621
71188375
71143887
70799176
70751158
70751168
70751181
70810419
70806701
70802965
70799243
70969691
70969714
70806745
70806750
70803019
70803024
70799312
70799315
